1      1141
2      1141
3      1141
4      1146
       ... 
167    1135
168    1135
169    1134
170    1134
171    1134
Name: 0, Length: 172, dtype: object
x : range(0, 172)
biowave : 171    1134
172    1136
173    1136
174    1136
175    1136
       ... 
339    1074
340    1074
341    1073
342    1073
343    1073
Name: 0, Length: 173, dtype: object
x : range(0, 173)
biowave : 343    1073
344    1076
345    1076
346    1076
347    1076
       ... 
511     910
512     910
513     906
514     906
515     906
Name: 0, Length: 173, dtype: object
x : range(0, 173)
biowave : 515    906
516    911
517    911
518    911
519    925
      ... 
683    929
684    929
685    926
686    926
687    926
Name: 0, Length: 173, dtype: object
x : range(0, 173)
biowave : 687    926
688    933
689    933
690    933
691    951
      ... 
855    803
856    803
857    794
858    794
859    794
Name: 0, Length: 173, dtype: object
x : range(0, 173)
biowave : 859     794
860     796
861     796
862     796
863     810
       ... 
1033    782
1034    782
1035    776
1036    776
1037    776
Name: 0, Length: 179, dtype: object
x : range(0, 179)
biowave : 1037    776
1038    781
1039    781
1040    781
1041    801
       ... 
1212    735
1213    725
1214    725
1215    725
1216    725
Name: 0, Length: 180, dtype: object
x : range(0, 180)
biowave : 1216    725
1217    728
1218    728
1219    728
1220    747
       ... 
1390    688
1391    688
1392    679
1393    679
1394    679
Name: 0, Length: 179, dtype: object
x : range(0, 179)
biowave : 1394    679
1395    683
1396    683
1397    683
1398    702
       ... 
1565    673
1566    673
1567    662
1568    662
1569    662
Name: 0, Length: 176, dtype: object
x : range(0, 176)
biowave : 1569    662
1570    664
1571    664
1572    664
1573    682
       ... 
1737    624
1738    624
1739    615
1740    615
1741    615
Name: 0, Length: 173, dtype: object
x : range(0, 173)
biowave : 1741    615
1742    623
1743    623
1744    623
1745    649
       ... 
1909    745
1910    744
1911    744
1912    744
1913    744
Name: 0, Length: 173, dtype: object
x : range(0, 173)
biowave : 1913    744
1914    762
1915    762
1916    762
1917    799
       ... 
2077    620
2078    620
2079    612
2080    612
2081    612
Name: 0, Length: 169, dtype: object
x : range(0, 169)
biowave : 2081    612
2082    621
2083    621
2084    621
2085    621
       ... 
2249    700
2250    700
2251    693
2252    693
2253    693
Name: 0, Length: 173, dtype: object
x : range(0, 173)
biowave : 2253    693
2254    699
2255    699
2256    699
2257    719
       ... 
2421    674
2422    674
2423    663
2424    663
2425    663
Name: 0, Length: 173, dtype: object
x : range(0, 173)
biowave : 2425    663
2426    665
2427    665
2428    665
2429    680
       ... 
2596    666
2597    666
2598    662
2599    662
2600    662
Name: 0, Length: 176, dtype: object
x : range(0, 176)
biowave : 2600    662
2601    671
2602    671
2603    671
2604    695
       ... 
2768    626
2769    626
2770    618
2771    618
2772    618
Name: 0, Length: 173, dtype: object
x : range(0, 173)
biowave : 2772    618
2773    625
2774    625
2775    625
2776    649
       ... 
2943    633
2944    633
2945    623
2946    623
2947    623
Name: 0, Length: 176, dtype: object
x : range(0, 176)
biowave : 2947    623
2948    629
2949    629
2950    629
2951    652
       ... 
3121    624
3122    624
3123    615
3124    615
3125    615
Name: 0, Length: 179, dtype: object
x : range(0, 179)
biowave : 3125    615
3126    623
3127    623
3128    623
3129    623
       ... 
3300    592
3301    592
3302    581
3303    581
3304    581
Name: 0, Length: 180, dtype: object
x : range(0, 180)
biowave : 3304    581
3305    585
3306    585
3307    585
3308    607
       ... 
3478    557
3479    557
3480    548
3481    548
3482    548
Name: 0, Length: 179, dtype: object
x : range(0, 179)
biowave : 3482    548
3483    555
3484    555
3485    555
3486    580
       ... 
3653    573
3654    573
3655    565
3656    565
3657    565
Name: 0, Length: 176, dtype: object
x : range(0, 176)
biowave : 3657    565
3658    572
3659    572
3660    572
3661    596
       ... 
3825    643
3826    643
3827    635
3828    635
3829    635
Name: 0, Length: 173, dtype: object
x : range(0, 173)
biowave : 3829    635
3830    645
3831    645
3832    645
3833    674
       ... 
3994    703
3995    691
3996    691
3997    691
3998    691
Name: 0, Length: 170, dtype: object
x : range(0, 170)
biowave : 3998    691
3999    696
4000    696
4001    696
4002    720
       ... 
4166    596
4167    587
4168    587
4169    587
4170    587
Name: 0, Length: 173, dtype: object
x : range(0, 173)
biowave : 4170    587
4171    597
4172    597
4173    597
4174    626
       ... 
4334    531
4335    531
4336    525
4337    525
4338    525
Name: 0, Length: 169, dtype: object
x : range(0, 169)
biowave : 4338    525
4339    533
4340    533
4341    533
4342    557
       ... 
4506    557
4507    557
4508    552
4509    552
4510    552
Name: 0, Length: 173, dtype: object
x : range(0, 173)
biowave : 4510    552
4511    560
4512    560
4513    560
4514    583
       ... 
4678    574
4679    574
4680    573
4681    573
4682    573
Name: 0, Length: 173, dtype: object
x : range(0, 173)
biowave : 4682    573
4683    585
4684    585
4685    585
4686    614
       ... 
4846    601
4847    601
4848    592
4849    592
4850    592
Name: 0, Length: 169, dtype: object
x : range(0, 169)
biowave : 4850    592
4851    600
4852    600
4853    600
4854    600
       ... 
5022    680
5023    671
5024    671
5025    671
5026    671
Name: 0, Length: 177, dtype: object
x : range(0, 177)
biowave : 5026    671
5027    680
5028    680
5029    680
5030    710
       ... 
5200    666
5201    666
5202    653
5203    653
5204    653
Name: 0, Length: 179, dtype: object
x : range(0, 179)
biowave : 5204    653
5205    658
5206    658
5207    658
5208    685
       ... 
5381    674
5382    674
5383    670
5384    670
5385    670
Name: 0, Length: 182, dtype: object
x : range(0, 182)
biowave : 5385    670
5386    684
5387    684
5388    684
5389    684
       ... 
5560    668
5561    668
5562    660
5563    660
5564    660
Name: 0, Length: 180, dtype: object
x : range(0, 180)
biowave : 5564    660
5565    668
5566    668
5567    668
5568    694
       ... 
5738    699
5739    699
5740    694
5741    694
5742    694
Name: 0, Length: 179, dtype: object
x : range(0, 179)
biowave : 5742    694
5743    705
5744    705
5745    705
5746    736
       ... 
5910    757
5911    757
5912    746
5913    746
5914    746
Name: 0, Length: 173, dtype: object
x : range(0, 173)
biowave : 5914    746
5915    751
5916    751
5917    751
5918    776
       ... 
6082    797
6083    797
6084    786
6085    786
6086    786
Name: 0, Length: 173, dtype: object
x : range(0, 173)
biowave : 6086    786
6087    793
6088    793
6089    793
6090    819
       ... 
6257    817
6258    817
6259    815
6260    815
6261    815
Name: 0, Length: 176, dtype: object
x : range(0, 176)
biowave : 6261    815
6262    831
6263    831
6264    831
6265    868
       ... 
6429    742
6430    742
6431    730
6432    730
6433    730
Name: 0, Length: 173, dtype: object
x : range(0, 173)
biowave : 6433    730
6434    735
6435    735
6436    735
6437    758
       ... 
6604    818
6605    818
6606    805
6607    805
6608    805
Name: 0, Length: 176, dtype: object
x : range(0, 176)
biowave : 6608    805
6609    806
6610    806
6611    806
6612    822
       ... 
6753    622
6754    622
6755    617
6756    617
6757    617
Name: 0, Length: 150, dtype: object
x : range(0, 150)
biowave : 6757    617
6758    628
6759    628
6760    628
6761    655
       ... 
6928    738
6929    738
6930    731
6931    731
6932    731
Name: 0, Length: 176, dtype: object
x : range(0, 176)
biowave : 6932    731
6933    740
6934    740
6935    740
6936    765
       ... 
7106    551
7107    551
7108    542
7109    542
7110    542
Name: 0, Length: 179, dtype: object
x : range(0, 179)
biowave : 7110    542
7111    550
7112    550
7113    550
7114    550
       ... 
7283    613
7284    613
7285    613
7286    613
7287    598
Name: 0, Length: 178, dtype: object
x : range(0, 178)